N        Bubble          Select          Insert          Shell   Merge   Quick
100      0.0010387479238625845   0.00048179066738874904          0.0004513014083622679   0.00023063162273496496          0.0003157600489277139   0.000498091855383105
300      0.008543633752153116    0.003827760440156225    0.003809044261347889    0.0008380018124506047   0.0011634218246342337   0.004436036251427109
500      0.024513666131142458    0.011495658148390313    0.011876019201591953    0.0016304206732873638   0.0019307851557759659   0.011950280169121807
700      0.05047874174148609     0.02284581310023842     0.025238163375336076    0.002527589760680432    0.002878367176410851    0.023661476247659713
900      0.08502971344322746     0.03855049836354185     0.045286209617580175    0.0038703246532525992   0.0037948561903157763   0.04027087744464991
1100     0.12866648433486028     0.05815086568364458     0.06963143013944761     0.00487345146260898     0.005047632675067137    0.06070502034327885
1300     0.18069353706195834     0.08054296238470682     0.0961676510772973      0.005861484579377851    0.005818316618578123    0.08335974729536133
1500     0.23760400308877316     0.10880409051144069     0.12539568115117783     0.006174225889788332    0.007537790078131046    0.11098120473024253
1700     0.31008663175797424     0.13975672590035382     0.1643014850382265      0.007456586012010824    0.007772949808642515    0.14402129780398853
1900     0.3929407403516585      0.18061625735591091     0.21351356409778033     0.008250514242106544    0.008914334842098803    0.17837605150209423