5	19608715
11	16816406
19	15640308	15640308
26	14891434	15718724
33	14294821	15752011
40	13918715	15881355
47	13391307	15774512
54	13126885	15901825
61	12823490	15812830
63	12574768	16226996
75	12115911	15958863
82	11884362	15769492
89	11723112	16118530
96	11410580	16113098
110	11156817	15899542
124	10895473	15780258
131	10640515	15828994
145	10318289	16189001
152	10156323	16388680
166	9886071	16157612
173	9764342	16273303
180	9590079	16711132
187	9310134	16601415
194	9188372	16299873
201	9007045	16219981
208	8902597	16210157
222	8727272	15985526
236	8413886	14077760
243	8325077	14270265
250	8245246	14627579
257	8170355	14655990
264	8075472	14759280
271	7997973	14841373
278	7932757	14871240
285	7932757	13353659
292	7825225	13016243
299	7761703	12907607
306	7699994	14853358
313	7641166	14974490
320	7569281	14990787
323	7537518	15159855
326	7483164	15384085
348	7343533	14464728
355	7265269	14408205
362	7194445	15688422
369	6885096	14946947
376	6820908	16013152
383	6756874	15843594
390	6686042	16320399
397	6586565	16247280
404	6472425	16272250
414	6399753	16389260
425	6325742	16183255
432	6272522	17720108
439	6217620	18381649
446	6165912	18650770
453	6120245	17822037
467	5989863	17526022
474	5940685	16378745
481	5892381	15586132
495	5820761	14959076
502	5764627	14943733
509	5719441	16437383
516	5662934	16355608
523	5616996	16336124
530	5574142	16481254
544	5506777	16358268
558	5425013	15120406
560	5370648	15433805
565	5334318	15925697
581	5240100	15232253
593	5165997	15230429
600	5126128	15569830
607	5051789	15885241
614	5014648	15825587
628	4917643	15514129
640	4806027	15136435