19608715
22329378
24731213
26911876
28732122
30686646
32440039
34274188
35967325
36923051
38833375
40375279
41802521
43319620
45159858
47353298
48970356
50863673
52385182
54228613
55797854
57287128
58836770
60332492
61905911
63415662
65195462
66857725
68163708
69561310
70913501
72216141
73517831
74770847
74770847
76346638
77601720
78805197
80002106
81214295
82077702
83062321
86028451
87247355
90016124
91726478
93652254
94915012
96232374
97690972
98985865
101775634
103647913
104961304
106124562
107461043
108692898
110452417
111761471
113081222
114836818
116070655
117204079
118480554
119739389
120840337
122229437
123589655
124390798
125434104
126974392
128379332
129487832
138278905
139497975
140944616
142210314
